0.000000 1.000000 0.000000 0.000000 1.000000 0.000000 0.000000 1.000000 0.000000 0.000000 1.000000
1.000000 0.537500 0.031269 0.081250 0.387170 0.046536 0.125967 0.712026 0.070986 0.193853 1.000000
2.000000 0.389516 0.028484 0.075549 0.176149 0.028685 0.074902 0.464372 0.066018 0.176767 1.000000
3.000000 0.324133 0.027917 0.074568 0.088355 0.016772 0.041642 0.287319 0.048094 0.121386 1.000000
4.000000 0.293137 0.024355 0.068321 0.047835 0.008964 0.022881 0.173073 0.029774 0.077397 1.000000
5.000000 0.280432 0.021449 0.060025 0.027501 0.004876 0.012418 0.103773 0.018534 0.047078 1.000000
6.000000 0.278086 0.019070 0.051515 0.016732 0.002570 0.006599 0.063178 0.010636 0.026824 1.000000
7.000000 0.281198 0.016052 0.042974 0.010752 0.001324 0.003446 0.039676 0.005564 0.014491 1.000000
8.000000 0.286660 0.012987 0.034459 0.007291 0.000685 0.001755 0.026070 0.002977 0.007545 0.000000
9.000000 0.293077 0.009771 0.026165 0.005158 0.000345 0.000871 0.017843 0.001490 0.003768 0.000000
10.000000 0.298828 0.007248 0.018724 0.003826 0.000159 0.000428 0.012893 0.000727 0.001876 0.000000
11.000000 0.303864 0.004800 0.012294 0.002960 0.000074 0.000200 0.009768 0.000344 0.000887 0.000000
12.000000 0.307756 0.002739 0.006894 0.002360 0.000032 0.000092 0.007676 0.000148 0.000392 0.000000
13.000000 0.310365 0.001124 0.002912 0.001951 0.000018 0.000049 0.006286 0.000065 0.000172 0.000000
14.000000 0.311324 0.000517 0.001409 0.001659 0.000016 0.000042 0.005328 0.000058 0.000146 0.000000
15.000000 0.311175 0.001104 0.002781 0.001436 0.000018 0.000046 0.004615 0.000066 0.000167 0.000000
16.000000 0.309404 0.001531 0.003882 0.001277 0.000017 0.000045 0.004129 0.000069 0.000178 0.000000
