0.000000 1.000000 0.000000 0.000000 1.000000 0.000000 0.000000 1.000000 0.000000 0.000000 1.000000
1.000000 0.722500 0.046734 0.128184 0.584347 0.050724 0.137622 0.800767 0.037760 0.103928 1.000000
2.000000 0.576392 0.044991 0.128928 0.367766 0.047442 0.131876 0.621787 0.062299 0.163188 1.000000
3.000000 0.490410 0.035135 0.106357 0.241510 0.038620 0.105008 0.477050 0.069013 0.171706 1.000000
4.000000 0.437162 0.026520 0.082761 0.163389 0.027672 0.079299 0.362627 0.059024 0.156187 1.000000
5.000000 0.403307 0.020333 0.063669 0.113300 0.020349 0.058720 0.274277 0.049111 0.131987 0.000000
6.000000 0.381425 0.015883 0.050217 0.080074 0.014803 0.043408 0.206660 0.038602 0.107105 0.000000
7.000000 0.367112 0.014927 0.041741 0.057771 0.011186 0.032142 0.156246 0.030294 0.084738 0.000000
8.000000 0.358607 0.013063 0.036749 0.042492 0.008463 0.023943 0.118519 0.023193 0.065883 0.000000
9.000000 0.353038 0.013130 0.034117 0.031754 0.006417 0.018088 0.090429 0.018276 0.051115 0.000000
10.000000 0.349880 0.012712 0.032298 0.024085 0.004882 0.013627 0.069466 0.013978 0.039188 0.000000
11.000000 0.348374 0.011917 0.031068 0.018572 0.003703 0.010475 0.053889 0.010804 0.030392 0.000000
12.000000 0.348050 0.011658 0.029952 0.014517 0.002787 0.008033 0.042164 0.008051 0.023323 0.000000
13.000000 0.348519 0.010700 0.028596 0.011501 0.002201 0.006201 0.033352 0.006293 0.017989 0.000000
14.000000 0.349487 0.010315 0.026847 0.009249 0.001793 0.004836 0.026713 0.005145 0.013982 0.000000
15.000000 0.351036 0.010062 0.025116 0.007444 0.001327 0.003731 0.021383 0.003829 0.010735 0.000000
16.000000 0.352775 0.009200 0.023382 0.006092 0.001037 0.002899 0.017386 0.002950 0.008285 0.000000
17.000000 0.354460 0.008259 0.021505 0.004982 0.000779 0.002219 0.014134 0.002188 0.006311 0.000000
18.000000 0.356647 0.007712 0.019571 0.004165 0.000637 0.001742 0.011728 0.001773 0.004917 0.000000
19.000000 0.358286 0.007038 0.017794 0.003472 0.000484 0.001339 0.009729 0.001348 0.003767 0.000000
20.000000 0.360027 0.006010 0.015981 0.002936 0.000356 0.001027 0.008180 0.000981 0.002879 0.000000
21.000000 0.362093 0.005487 0.014158 0.002494 0.000286 0.000796 0.006902 0.000783 0.002211 0.000000
22.000000 0.363614 0.004665 0.012750 0.002142 0.000219 0.000612 0.005901 0.000598 0.001695 0.000000
23.000000 0.365290 0.004099 0.011206 0.001839 0.000169 0.000463 0.005039 0.000462 0.001275 0.000000
24.000000 0.366646 0.003498 0.009497 0.001595 0.000121 0.000343 0.004357 0.000333 0.000946 0.000000
25.000000 0.368161 0.003182 0.008415 0.001400 0.000096 0.000263 0.003804 0.000257 0.000719 0.000000
26.000000 0.369288 0.002640 0.007110 0.001232 0.000073 0.000200 0.003339 0.000195 0.000545 0.000000
27.000000 0.370483 0.002390 0.006045 0.001101 0.000053 0.000145 0.002973 0.000142 0.000397 0.000000
28.000000 0.371591 0.001866 0.004878 0.000975 0.000037 0.000104 0.002623 0.000099 0.000285 0.000000
29.000000 0.372362 0.001631 0.004333 0.000872 0.000027 0.000072 0.002343 0.000073 0.000197 0.000000
30.000000 0.373004 0.001444 0.003754 0.000788 0.000019 0.000052 0.002112 0.000053 0.000143 0.000000
31.000000 0.373668 0.001159 0.002995 0.000720 0.000013 0.000034 0.001926 0.000035 0.000094 0.000000
32.000000 0.374227 0.001018 0.002583 0.000659 0.000008 0.000024 0.001762 0.000023 0.000065 0.000000
33.000000 0.374279 0.000770 0.002068 0.000607 0.000007 0.000018 0.001621 0.000018 0.000047 0.000000
34.000000 0.374500 0.000711 0.001959 0.000558 0.000006 0.000014 0.001491 0.000014 0.000036 0.000000
35.000000 0.374948 0.000617 0.001770 0.000519 0.000003 0.000009 0.001383 0.000009 0.000022 0.000000
36.000000 0.374983 0.000472 0.001407 0.000483 0.000003 0.000009 0.001289 0.000008 0.000020 0.000000
37.000000 0.374824 0.000415 0.001254 0.000454 0.000003 0.000008 0.001211 0.000008 0.000020 0.000000
38.000000 0.374614 0.000477 0.001373 0.000426 0.000003 0.000008 0.001137 0.000008 0.000021 0.000000
39.000000 0.374353 0.000308 0.001101 0.000402 0.000002 0.000005 0.001074 0.000005 0.000013 0.000000
40.000000 0.373860 0.000344 0.000891 0.000382 0.000002 0.000006 0.001021 0.000006 0.000017 0.000000
