0.000000 1.000000 0.000000 0.000000 1.000000 0.000000 0.000000 1.000000 0.000000 0.000000 1.000000
1.000000 0.867187 0.034139 0.088243 0.756819 0.039177 0.100988 0.871492 0.025105 0.065111 1.000000
2.000000 0.773757 0.046146 0.127693 0.587490 0.049108 0.137377 0.755620 0.043525 0.114545 1.000000
3.000000 0.705860 0.053238 0.142705 0.464873 0.056712 0.145608 0.652971 0.058515 0.147647 1.000000
4.000000 0.655196 0.054093 0.145194 0.373370 0.053355 0.140941 0.563294 0.064570 0.164578 0.000000
5.000000 0.616443 0.053443 0.141498 0.303934 0.051952 0.130906 0.486187 0.069614 0.168772 0.000000
6.000000 0.586257 0.047421 0.134680 0.249815 0.045980 0.118502 0.419297 0.067903 0.164324 0.000000
7.000000 0.561875 0.043454 0.126696 0.207304 0.038999 0.105468 0.362549 0.061429 0.155708 0.000000
8.000000 0.542567 0.041653 0.118376 0.173063 0.035631 0.092985 0.313128 0.056654 0.145566 0.000000
9.000000 0.526480 0.037993 0.110561 0.145752 0.031729 0.081691 0.271686 0.055161 0.135304 0.000000
10.000000 0.513132 0.036247 0.103428 0.123311 0.027288 0.071220 0.236164 0.049411 0.124958 0.000000
11.000000 0.502303 0.033230 0.096645 0.104849 0.022188 0.062058 0.205805 0.042999 0.115394 0.000000
12.000000 0.492669 0.031124 0.090743 0.089557 0.020637 0.053927 0.179921 0.041675 0.105924 0.000000
13.000000 0.484665 0.029607 0.085680 0.076772 0.018087 0.046763 0.157553 0.038716 0.096553 0.000000
14.000000 0.478155 0.027200 0.081176 0.066105 0.016038 0.040627 0.138218 0.036192 0.087769 0.000000
15.000000 0.472085 0.024881 0.076999 0.057155 0.013115 0.035274 0.121743 0.030341 0.079449 0.000000
16.000000 0.467325 0.024414 0.073260 0.049474 0.011639 0.030652 0.107067 0.027988 0.071649 0.000000
17.000000 0.463066 0.024164 0.069991 0.042902 0.010315 0.026540 0.094168 0.025644 0.063942 0.000000
18.000000 0.459540 0.022865 0.067044 0.037446 0.008749 0.023118 0.083225 0.022595 0.057226 0.000000
19.000000 0.456345 0.022234 0.064276 0.032567 0.007732 0.020113 0.073189 0.020117 0.050904 0.000000
20.000000 0.453964 0.021583 0.061935 0.028519 0.006772 0.017462 0.064629 0.017975 0.044947 0.000000
21.000000 0.451894 0.021047 0.059789 0.025007 0.005892 0.015289 0.057108 0.015827 0.039939 0.000000
22.000000 0.450029 0.019076 0.057405 0.021938 0.005100 0.013330 0.050425 0.013704 0.035199 0.000000
23.000000 0.448663 0.019416 0.055545 0.019356 0.004457 0.011659 0.044705 0.012182 0.031040 0.000000
24.000000 0.447531 0.018209 0.053515 0.017015 0.003995 0.010175 0.039439 0.010957 0.027217 0.000000
25.000000 0.446384 0.018229 0.051510 0.014995 0.003274 0.008832 0.034871 0.008947 0.023695 0.000000
26.000000 0.445908 0.017350 0.049487 0.013253 0.003080 0.007787 0.030860 0.008445 0.020909 0.000000
27.000000 0.445039 0.016905 0.048044 0.011742 0.002656 0.006785 0.027403 0.007335 0.018239 0.000000
28.000000 0.444724 0.016097 0.046545 0.010377 0.002293 0.005940 0.024235 0.006236 0.015953 0.000000
29.000000 0.444507 0.015505 0.044831 0.009259 0.001938 0.005227 0.021617 0.005222 0.013986 0.000000
30.000000 0.444378 0.015383 0.043254 0.008219 0.001755 0.004571 0.019181 0.004780 0.012176 0.000000
31.000000 0.444574 0.014934 0.041588 0.007323 0.001516 0.004004 0.017063 0.004073 0.010610 0.000000
32.000000 0.444519 0.014389 0.040410 0.006531 0.001367 0.003523 0.015203 0.003660 0.009295 0.000000
33.000000 0.444764 0.013790 0.038894 0.005846 0.001198 0.003087 0.013587 0.003180 0.008104 0.000000
34.000000 0.445264 0.013648 0.037582 0.005189 0.001029 0.002701 0.012037 0.002742 0.007061 0.000000
35.000000 0.445330 0.013266 0.036263 0.004657 0.000913 0.002371 0.010785 0.002402 0.006146 0.000000
36.000000 0.445721 0.012872 0.035145 0.004199 0.000838 0.002106 0.009707 0.002189 0.005436 0.000000
37.000000 0.446437 0.012805 0.033945 0.003774 0.000712 0.001851 0.008699 0.001856 0.004756 0.000000
38.000000 0.446495 0.012255 0.032641 0.003379 0.000632 0.001620 0.007776 0.001637 0.004154 0.000000
39.000000 0.447032 0.011365 0.031783 0.003053 0.000556 0.001423 0.007012 0.001422 0.003630 0.000000
40.000000 0.447789 0.011368 0.030604 0.002754 0.000485 0.001251 0.006304 0.001243 0.003162 0.000000
41.000000 0.448386 0.010828 0.029699 0.002477 0.000423 0.001108 0.005655 0.001074 0.002786 0.000000
42.000000 0.448754 0.010509 0.028390 0.002257 0.000373 0.000966 0.005139 0.000948 0.002422 0.000000
43.000000 0.449435 0.010004 0.027407 0.002048 0.000332 0.000861 0.004652 0.000834 0.002151 0.000000
44.000000 0.449885 0.009724 0.026603 0.001859 0.000301 0.000746 0.004212 0.000751 0.001862 0.000000
45.000000 0.450628 0.009397 0.025760 0.001678 0.000249 0.000651 0.003791 0.000620 0.001611 0.000000
46.000000 0.451280 0.009152 0.024760 0.001529 0.000228 0.000572 0.003445 0.000563 0.001412 0.000000
47.000000 0.451816 0.008775 0.023943 0.001401 0.000196 0.000516 0.003151 0.000486 0.001271 0.000000
48.000000 0.452062 0.008612 0.023059 0.001270 0.000175 0.000446 0.002853 0.000431 0.001098 0.000000
49.000000 0.452834 0.008536 0.022404 0.001164 0.000150 0.000394 0.002607 0.000373 0.000967 0.000000
50.000000 0.453227 0.008451 0.021521 0.001072 0.000136 0.000353 0.002397 0.000337 0.000864 0.000000
51.000000 0.454107 0.007722 0.020885 0.000983 0.000119 0.000302 0.002191 0.000291 0.000743 0.000000
52.000000 0.454560 0.007810 0.020250 0.000909 0.000108 0.000269 0.002022 0.000263 0.000656 0.000000
53.000000 0.455067 0.007243 0.019383 0.000834 0.000092 0.000241 0.001851 0.000222 0.000585 0.000000
54.000000 0.455602 0.006892 0.018567 0.000766 0.000083 0.000211 0.001698 0.000201 0.000514 0.000000
55.000000 0.456062 0.006873 0.017711 0.000702 0.000067 0.000176 0.001552 0.000163 0.000429 0.000000
56.000000 0.456604 0.006284 0.017108 0.000659 0.000061 0.000159 0.001455 0.000149 0.000387 0.000000
57.000000 0.456994 0.006230 0.016319 0.000609 0.000052 0.000138 0.001342 0.000126 0.000334 0.000000
58.000000 0.457301 0.005828 0.015797 0.000565 0.000047 0.000122 0.001243 0.000113 0.000297 0.000000
59.000000 0.457699 0.005632 0.015161 0.000527 0.000040 0.000106 0.001158 0.000098 0.000258 0.000000
60.000000 0.458131 0.005703 0.014582 0.000494 0.000038 0.000094 0.001084 0.000092 0.000230 0.000000
61.000000 0.458562 0.005239 0.013898 0.000463 0.000033 0.000086 0.001014 0.000080 0.000208 0.000000
62.000000 0.458794 0.005004 0.013171 0.000429 0.000028 0.000071 0.000939 0.000068 0.000174 0.000000
63.000000 0.459045 0.004780 0.012649 0.000409 0.000026 0.000066 0.000894 0.000062 0.000162 0.000000
64.000000 0.459630 0.004370 0.011745 0.000384 0.000022 0.000056 0.000839 0.000053 0.000138 0.000000
65.000000 0.459673 0.004352 0.011296 0.000355 0.000018 0.000046 0.000775 0.000045 0.000112 0.000000
66.000000 0.460152 0.004116 0.010821 0.000339 0.000017 0.000044 0.000738 0.000042 0.000108 0.000000
67.000000 0.460374 0.003971 0.010136 0.000315 0.000014 0.000036 0.000685 0.000034 0.000088 0.000000
68.000000 0.460604 0.003592 0.009417 0.000302 0.000013 0.000033 0.000657 0.000031 0.000079 0.000000
69.000000 0.460979 0.003369 0.008927 0.000285 0.000010 0.000025 0.000619 0.000024 0.000062 0.000000
70.000000 0.461238 0.003402 0.008643 0.000270 0.000007 0.000019 0.000587 0.000019 0.000049 0.000000
71.000000 0.461233 0.003019 0.007924 0.000256 0.000008 0.000021 0.000555 0.000020 0.000051 0.000000
72.000000 0.461628 0.002920 0.007425 0.000244 0.000007 0.000019 0.000530 0.000018 0.000046 0.000000
73.000000 0.461733 0.002794 0.007247 0.000232 0.000006 0.000015 0.000504 0.000015 0.000039 0.000000
74.000000 0.461823 0.002638 0.006518 0.000224 0.000006 0.000014 0.000484 0.000014 0.000034 0.000000
75.000000 0.462176 0.002390 0.006073 0.000212 0.000005 0.000013 0.000458 0.000013 0.000032 0.000000
76.000000 0.462250 0.002220 0.005649 0.000204 0.000004 0.000011 0.000442 0.000010 0.000027 0.000000
77.000000 0.462438 0.001931 0.004956 0.000196 0.000003 0.000010 0.000424 0.000008 0.000024 0.000000
78.000000 0.462462 0.001790 0.004580 0.000188 0.000002 0.000007 0.000407 0.000006 0.000017 0.000000
79.000000 0.462601 0.001650 0.004189 0.000181 0.000003 0.000008 0.000391 0.000007 0.000019 0.000000
80.000000 0.462557 0.001442 0.003719 0.000173 0.000003 0.000007 0.000375 0.000006 0.000016 0.000000
81.000000 0.462510 0.001422 0.003630 0.000167 0.000001 0.000004 0.000362 0.000003 0.000009 0.000000
82.000000 0.462615 0.001219 0.003057 0.000162 0.000002 0.000004 0.000349 0.000004 0.000010 0.000000
83.000000 0.462710 0.001142 0.002880 0.000156 0.000001 0.000004 0.000337 0.000003 0.000009 0.000000
84.000000 0.462639 0.001078 0.002695 0.000152 0.000001 0.000004 0.000328 0.000003 0.000009 0.000000
85.000000 0.462682 0.000880 0.002234 0.000148 0.000001 0.000003 0.000320 0.000002 0.000006 0.000000
86.000000 0.462664 0.000771 0.001967 0.000143 0.000001 0.000003 0.000309 0.000002 0.000006 0.000000
87.000000 0.462722 0.000613 0.001624 0.000139 0.000001 0.000002 0.000301 0.000002 0.000005 0.000000
88.000000 0.462542 0.000504 0.001328 0.000134 0.000001 0.000002 0.000289 0.000001 0.000003 0.000000
89.000000 0.462596 0.000405 0.001087 0.000131 0.000001 0.000002 0.000283 0.000002 0.000005 0.000000
90.000000 0.462695 0.000312 0.000833 0.000128 0.000001 0.000002 0.000277 0.000001 0.000004 0.000000
91.000000 0.462615 0.000205 0.000530 0.000125 0.000001 0.000003 0.000269 0.000002 0.000006 0.000000
92.000000 0.462547 0.000247 0.000692 0.000121 0.000001 0.000002 0.000261 0.000001 0.000003 0.000000
93.000000 0.462284 0.000157 0.000495 0.000118 0.000001 0.000002 0.000256 0.000001 0.000004 0.000000
94.000000 0.462273 0.000104 0.000270 0.000115 0.000000 0.000001 0.000250 0.000001 0.000003 0.000000
95.000000 0.462177 0.000208 0.000559 0.000113 0.000001 0.000002 0.000245 0.000001 0.000004 0.000000
96.000000 0.462009 0.000190 0.000543 0.000111 0.000000 0.000001 0.000241 0.000001 0.000003 0.000000
