0.000000 1.000000 0.000000 0.000000 1.000000 0.000000 0.000000 1.000000 0.000000 0.000000 1.000000
1.000000 0.835938 0.023766 0.066383 0.748313 0.026939 0.075810 0.894045 0.013105 0.035055 1.000000
2.000000 0.709573 0.033369 0.093579 0.563771 0.037776 0.103514 0.790071 0.024426 0.062285 1.000000
3.000000 0.611228 0.035828 0.101078 0.427407 0.038639 0.107028 0.691014 0.031088 0.083433 1.000000
4.000000 0.534301 0.033763 0.098821 0.325914 0.035451 0.099151 0.598943 0.036711 0.097003 1.000000
5.000000 0.474027 0.030234 0.091974 0.249875 0.030387 0.086681 0.514800 0.039350 0.103297 0.000000
6.000000 0.426579 0.027741 0.083706 0.192429 0.025308 0.073432 0.438855 0.038172 0.103934 0.000000
7.000000 0.389614 0.024804 0.074957 0.148950 0.021233 0.060677 0.371205 0.037086 0.099934 0.000000
8.000000 0.360427 0.021408 0.066645 0.115813 0.015802 0.049217 0.312117 0.031789 0.093165 0.000000
9.000000 0.337631 0.018867 0.059559 0.090237 0.013057 0.039768 0.259939 0.029388 0.084918 0.000000
10.000000 0.320503 0.017440 0.053121 0.070857 0.010881 0.031780 0.215734 0.026971 0.075540 0.000000
11.000000 0.306687 0.016385 0.047927 0.055551 0.009074 0.025128 0.177580 0.024441 0.065696 0.000000
12.000000 0.296725 0.014634 0.043637 0.043909 0.006730 0.019700 0.145877 0.019553 0.055683 0.000000
13.000000 0.289337 0.014600 0.040045 0.034955 0.005468 0.015386 0.119789 0.016706 0.046669 0.000000
14.000000 0.283990 0.013766 0.037238 0.027776 0.004190 0.011906 0.097513 0.013802 0.038237 0.000000
15.000000 0.280430 0.012235 0.035188 0.022207 0.003125 0.009175 0.079328 0.010752 0.030777 0.000000
16.000000 0.277907 0.011902 0.033501 0.017877 0.002402 0.007076 0.064688 0.008379 0.024746 0.000000
