0.000000 1.000000 0.000000 0.000000 1.000000 0.000000 0.000000 1.000000 0.000000 0.000000 1.000000
1.000000 0.891875 0.021241 0.057693 0.835597 0.024056 0.063048 0.936449 0.010221 0.026236 1.000000
2.000000 0.802484 0.034138 0.090142 0.701946 0.037826 0.096092 0.872544 0.018377 0.046050 1.000000
3.000000 0.728551 0.038506 0.107685 0.592430 0.041479 0.111390 0.808399 0.025231 0.064087 1.000000
4.000000 0.667424 0.041218 0.115966 0.502299 0.043140 0.116370 0.744949 0.032283 0.080247 0.000000
5.000000 0.615844 0.040903 0.118332 0.427087 0.041519 0.115045 0.683151 0.037148 0.093232 0.000000
6.000000 0.573428 0.042327 0.116624 0.364777 0.040543 0.110316 0.623553 0.040064 0.103518 0.000000
7.000000 0.537498 0.039196 0.112535 0.312620 0.036168 0.103831 0.567446 0.041535 0.110654 0.000000
8.000000 0.507480 0.037433 0.106660 0.268759 0.033533 0.096179 0.514518 0.042331 0.115019 0.000000
9.000000 0.481713 0.035153 0.100086 0.231019 0.030563 0.088422 0.464188 0.042248 0.117418 0.000000
10.000000 0.460464 0.033580 0.093368 0.199995 0.028122 0.080613 0.419294 0.041600 0.117109 0.000000
11.000000 0.441393 0.030274 0.085711 0.172757 0.024473 0.072976 0.377129 0.039080 0.115370 0.000000
12.000000 0.426436 0.029045 0.078656 0.149792 0.022283 0.065826 0.338287 0.037017 0.111954 0.000000
13.000000 0.413075 0.026503 0.071679 0.130308 0.020659 0.059182 0.303796 0.037039 0.107382 0.000000
14.000000 0.401886 0.023040 0.065123 0.113446 0.017309 0.052973 0.272099 0.032733 0.101926 0.000000
15.000000 0.392603 0.022391 0.058678 0.098941 0.016116 0.047280 0.243441 0.031409 0.096034 0.000000
16.000000 0.384724 0.019968 0.052695 0.086608 0.014506 0.042306 0.217927 0.029909 0.090061 0.000000
17.000000 0.377779 0.018113 0.047671 0.075725 0.012730 0.037632 0.194553 0.027486 0.083499 0.000000
18.000000 0.372337 0.017206 0.042486 0.066435 0.011576 0.033443 0.173819 0.025574 0.077215 0.000000
19.000000 0.367966 0.014588 0.038040 0.058394 0.009987 0.029541 0.155199 0.023260 0.070684 0.000000
20.000000 0.363855 0.013455 0.034456 0.051431 0.008818 0.026242 0.138761 0.020907 0.064757 0.000000
21.000000 0.360659 0.011792 0.031053 0.045218 0.007660 0.023203 0.123569 0.018977 0.059000 0.000000
22.000000 0.358001 0.010904 0.028182 0.039828 0.006901 0.020455 0.110059 0.017490 0.053332 0.000000
23.000000 0.355747 0.009822 0.026302 0.035194 0.006175 0.018251 0.098249 0.015985 0.048746 0.000000
24.000000 0.354435 0.008856 0.024441 0.031163 0.005304 0.015976 0.087632 0.013957 0.043521 0.000000
25.000000 0.352905 0.007914 0.023161 0.027577 0.004679 0.014030 0.078198 0.012668 0.039068 0.000000
26.000000 0.352199 0.007136 0.022705 0.024536 0.004309 0.012475 0.069929 0.011935 0.035256 0.000000
27.000000 0.351357 0.006612 0.022431 0.021789 0.003641 0.011006 0.062438 0.010265 0.031581 0.000000
28.000000 0.351371 0.006248 0.022324 0.019402 0.003242 0.009720 0.055755 0.009190 0.028252 0.000000
29.000000 0.350985 0.006419 0.022562 0.017295 0.002997 0.008628 0.049878 0.008590 0.025349 0.000000
30.000000 0.350603 0.006159 0.022884 0.015364 0.002462 0.007545 0.044448 0.007207 0.022443 0.000000
31.000000 0.351121 0.006268 0.023204 0.013772 0.002271 0.006675 0.039855 0.006685 0.019987 0.000000
32.000000 0.351252 0.006033 0.023817 0.012359 0.002043 0.005861 0.035821 0.006035 0.017744 0.000000
33.000000 0.351497 0.006508 0.024143 0.011046 0.001755 0.005173 0.032018 0.005193 0.015716 0.000000
34.000000 0.351666 0.006430 0.024381 0.009904 0.001555 0.004558 0.028733 0.004707 0.013959 0.000000
35.000000 0.352468 0.006489 0.024991 0.008884 0.001305 0.003995 0.025734 0.003925 0.012265 0.000000
36.000000 0.352771 0.006640 0.025279 0.008016 0.001157 0.003531 0.023225 0.003507 0.010940 0.000000
37.000000 0.353343 0.006873 0.025596 0.007218 0.001050 0.003092 0.020884 0.003213 0.009626 0.000000
38.000000 0.354053 0.006919 0.025917 0.006535 0.000887 0.002697 0.018880 0.002739 0.008467 0.000000
39.000000 0.354666 0.007091 0.025986 0.005908 0.000776 0.002384 0.017032 0.002422 0.007470 0.000000
40.000000 0.355178 0.007760 0.026340 0.005373 0.000703 0.002101 0.015464 0.002203 0.006605 0.000000
