0.000000 1.000000 0.000000 0.000000 1.000000 0.000000 0.000000 1.000000 0.000000 0.000000 1.000000
1.000000 0.885417 0.018195 0.050871 0.794170 0.016550 0.051592 0.897232 0.012299 0.035084 1.000000
2.000000 0.792439 0.027360 0.082057 0.636992 0.024251 0.078919 0.804030 0.018206 0.057333 1.000000
3.000000 0.716013 0.035565 0.100747 0.513443 0.028987 0.091415 0.716309 0.021607 0.072589 0.000000
4.000000 0.654622 0.037492 0.110457 0.417529 0.029592 0.094338 0.635391 0.023290 0.082979 0.000000
5.000000 0.605034 0.040998 0.114911 0.341547 0.029339 0.091708 0.560179 0.023507 0.090110 0.000000
6.000000 0.565097 0.039762 0.115950 0.281412 0.027034 0.086197 0.492001 0.024257 0.094626 0.000000
7.000000 0.532915 0.040820 0.114536 0.233454 0.025305 0.079306 0.430758 0.024169 0.096477 0.000000
8.000000 0.506190 0.040082 0.111823 0.194276 0.023691 0.071604 0.375992 0.025262 0.095649 0.000000
9.000000 0.484814 0.038056 0.108531 0.162795 0.020675 0.064368 0.327757 0.024027 0.093202 0.000000
10.000000 0.467108 0.037730 0.105216 0.136932 0.018658 0.057148 0.285634 0.023531 0.088635 0.000000
11.000000 0.452656 0.036380 0.100996 0.115717 0.016492 0.050654 0.248711 0.022022 0.083494 0.000000
12.000000 0.440429 0.035269 0.097202 0.098193 0.015367 0.044810 0.216767 0.022180 0.077429 0.000000
13.000000 0.430996 0.032598 0.093735 0.083818 0.013343 0.039464 0.189203 0.020754 0.071016 0.000000
14.000000 0.422558 0.029428 0.090130 0.071589 0.011016 0.034640 0.164922 0.017974 0.064313 0.000000
15.000000 0.415737 0.029631 0.086877 0.061394 0.010224 0.030527 0.143853 0.016694 0.058055 0.000000
16.000000 0.410265 0.028336 0.083859 0.052954 0.009156 0.026729 0.125952 0.015716 0.051959 0.000000
17.000000 0.405231 0.027277 0.081117 0.045804 0.008163 0.023547 0.110410 0.013936 0.046702 0.000000
18.000000 0.400858 0.026578 0.078730 0.039672 0.007350 0.020608 0.096893 0.012999 0.041680 0.000000
19.000000 0.397830 0.024245 0.075949 0.034473 0.006150 0.018113 0.084961 0.011094 0.037214 0.000000
20.000000 0.394833 0.023321 0.073943 0.030063 0.005652 0.015900 0.074795 0.010668 0.033153 0.000000
21.000000 0.392397 0.022049 0.072089 0.026208 0.004822 0.013955 0.065696 0.008997 0.029436 0.000000
22.000000 0.390403 0.021689 0.069876 0.022943 0.004420 0.012207 0.057947 0.008527 0.026197 0.000000
23.000000 0.388657 0.020064 0.068246 0.020157 0.003727 0.010762 0.051200 0.007345 0.023386 0.000000
24.000000 0.386821 0.018895 0.066016 0.017783 0.003343 0.009422 0.045480 0.006810 0.020818 0.000000
25.000000 0.385613 0.018027 0.064372 0.015642 0.002871 0.008281 0.040183 0.005904 0.018512 0.000000
26.000000 0.384605 0.017426 0.062724 0.013800 0.002569 0.007281 0.035598 0.005291 0.016443 0.000000
27.000000 0.383575 0.015517 0.061012 0.012203 0.002166 0.006348 0.031627 0.004678 0.014545 0.000000
28.000000 0.382964 0.015547 0.059709 0.010843 0.001946 0.005637 0.028186 0.004199 0.013042 0.000000
29.000000 0.381839 0.014607 0.058008 0.009601 0.001748 0.004924 0.025070 0.003877 0.011537 0.000000
30.000000 0.381349 0.013784 0.056585 0.008547 0.001454 0.004304 0.022376 0.003277 0.010209 0.000000
31.000000 0.380843 0.013016 0.054924 0.007558 0.001326 0.003758 0.019831 0.003036 0.008991 0.000000
32.000000 0.380248 0.012692 0.053518 0.006748 0.001156 0.003331 0.017761 0.002700 0.008095 0.000000
33.000000 0.379858 0.012347 0.052046 0.006073 0.001019 0.002974 0.016006 0.002367 0.007257 0.000000
34.000000 0.379555 0.012128 0.050144 0.005423 0.000893 0.002601 0.014308 0.002072 0.006387 0.000000
35.000000 0.378769 0.011399 0.049324 0.004786 0.000772 0.002250 0.012672 0.001845 0.005586 0.000000
36.000000 0.378848 0.011226 0.047973 0.004342 0.000713 0.002009 0.011498 0.001718 0.005025 0.000000
37.000000 0.378464 0.010744 0.046385 0.003902 0.000629 0.001802 0.010338 0.001523 0.004497 0.000000
38.000000 0.378268 0.010128 0.045035 0.003481 0.000526 0.001526 0.009242 0.001290 0.003856 0.000000
39.000000 0.377732 0.009735 0.043526 0.003124 0.000461 0.001334 0.008306 0.001141 0.003395 0.000000
40.000000 0.377700 0.009554 0.042202 0.002827 0.000417 0.001195 0.007527 0.001041 0.003076 0.000000
41.000000 0.377484 0.009297 0.041037 0.002567 0.000365 0.001060 0.006831 0.000912 0.002728 0.000000
42.000000 0.377261 0.008699 0.039429 0.002303 0.000326 0.000929 0.006136 0.000823 0.002397 0.000000
43.000000 0.376916 0.008371 0.038079 0.002105 0.000300 0.000851 0.005611 0.000769 0.002208 0.000000
44.000000 0.376883 0.008463 0.036691 0.001888 0.000258 0.000730 0.005032 0.000654 0.001895 0.000000
45.000000 0.376262 0.008149 0.035431 0.001721 0.000223 0.000643 0.004591 0.000564 0.001663 0.000000
46.000000 0.376159 0.007827 0.034713 0.001555 0.000201 0.000569 0.004155 0.000511 0.001488 0.000000
47.000000 0.375945 0.007299 0.033157 0.001414 0.000176 0.000513 0.003778 0.000449 0.001335 0.000000
48.000000 0.376140 0.007051 0.032022 0.001301 0.000150 0.000450 0.003471 0.000389 0.001176 0.000000
49.000000 0.376005 0.006957 0.030889 0.001186 0.000143 0.000413 0.003165 0.000369 0.001079 0.000000
50.000000 0.375512 0.006509 0.029707 0.001084 0.000120 0.000347 0.002898 0.000313 0.000919 0.000000
51.000000 0.375543 0.006334 0.029023 0.000982 0.000118 0.000327 0.002622 0.000307 0.000861 0.000000
52.000000 0.375135 0.006563 0.027509 0.000898 0.000094 0.000274 0.002401 0.000243 0.000719 0.000000
53.000000 0.375146 0.006126 0.026567 0.000832 0.000086 0.000250 0.002223 0.000223 0.000659 0.000000
54.000000 0.374939 0.006228 0.025509 0.000765 0.000081 0.000228 0.002044 0.000209 0.000602 0.000000
55.000000 0.374802 0.005887 0.024620 0.000701 0.000069 0.000193 0.001873 0.000182 0.000509 0.000000
56.000000 0.374583 0.005781 0.023638 0.000638 0.000059 0.000168 0.001707 0.000153 0.000446 0.000000
57.000000 0.374150 0.005222 0.022374 0.000598 0.000053 0.000156 0.001601 0.000139 0.000411 0.000000
58.000000 0.373918 0.005297 0.021513 0.000552 0.000048 0.000139 0.001478 0.000128 0.000370 0.000000
59.000000 0.373782 0.005017 0.020447 0.000511 0.000044 0.000128 0.001368 0.000116 0.000338 0.000000
60.000000 0.373861 0.005015 0.019660 0.000476 0.000041 0.000116 0.001275 0.000104 0.000304 0.000000
61.000000 0.373498 0.004688 0.018692 0.000437 0.000034 0.000098 0.001173 0.000089 0.000262 0.000000
62.000000 0.373513 0.004433 0.017942 0.000411 0.000030 0.000086 0.001100 0.000076 0.000222 0.000000
63.000000 0.373318 0.004248 0.017191 0.000375 0.000029 0.000078 0.001005 0.000075 0.000208 0.000000
64.000000 0.372947 0.004316 0.016410 0.000352 0.000024 0.000066 0.000946 0.000062 0.000176 0.000000
65.000000 0.372944 0.003898 0.015410 0.000333 0.000024 0.000066 0.000893 0.000061 0.000171 0.000000
66.000000 0.372705 0.003743 0.014719 0.000313 0.000019 0.000054 0.000840 0.000051 0.000143 0.000000
67.000000 0.372610 0.003684 0.014245 0.000296 0.000018 0.000049 0.000794 0.000046 0.000127 0.000000
68.000000 0.372513 0.003575 0.013261 0.000277 0.000016 0.000048 0.000745 0.000043 0.000125 0.000000
69.000000 0.372192 0.003266 0.012468 0.000257 0.000013 0.000038 0.000690 0.000034 0.000100 0.000000
70.000000 0.372274 0.003059 0.011817 0.000239 0.000013 0.000033 0.000641 0.000033 0.000089 0.000000
71.000000 0.371954 0.002993 0.011049 0.000230 0.000012 0.000033 0.000618 0.000032 0.000088 0.000000
72.000000 0.371892 0.002988 0.010546 0.000217 0.000011 0.000031 0.000584 0.000029 0.000078 0.000000
73.000000 0.371714 0.002911 0.009944 0.000206 0.000009 0.000024 0.000554 0.000024 0.000063 0.000000
74.000000 0.371699 0.002574 0.009377 0.000195 0.000009 0.000024 0.000523 0.000023 0.000063 0.000000
75.000000 0.371521 0.002544 0.009009 0.000183 0.000007 0.000020 0.000494 0.000019 0.000052 0.000000
76.000000 0.371189 0.002285 0.008278 0.000176 0.000006 0.000016 0.000474 0.000015 0.000041 0.000000
77.000000 0.370761 0.002123 0.007442 0.000165 0.000006 0.000016 0.000446 0.000015 0.000042 0.000000
78.000000 0.370970 0.002052 0.006822 0.000159 0.000005 0.000013 0.000429 0.000012 0.000035 0.000000
79.000000 0.370716 0.001990 0.006618 0.000152 0.000005 0.000014 0.000411 0.000012 0.000036 0.000000
80.000000 0.370728 0.001812 0.005874 0.000144 0.000004 0.000012 0.000389 0.000010 0.000030 0.000000
81.000000 0.370457 0.001631 0.005512 0.000141 0.000004 0.000010 0.000380 0.000009 0.000026 0.000000
82.000000 0.370200 0.001637 0.005224 0.000132 0.000003 0.000008 0.000357 0.000007 0.000021 0.000000
83.000000 0.370240 0.001442 0.004897 0.000131 0.000003 0.000009 0.000354 0.000009 0.000024 0.000000
84.000000 0.369822 0.001232 0.003904 0.000125 0.000003 0.000007 0.000337 0.000007 0.000018 0.000000
85.000000 0.369921 0.001237 0.003857 0.000120 0.000002 0.000006 0.000326 0.000006 0.000017 0.000000
86.000000 0.369800 0.001236 0.003547 0.000114 0.000002 0.000005 0.000309 0.000004 0.000013 0.000000
87.000000 0.369829 0.001100 0.003198 0.000111 0.000002 0.000005 0.000300 0.000005 0.000013 0.000000
88.000000 0.369785 0.000891 0.002790 0.000108 0.000002 0.000004 0.000291 0.000004 0.000011 0.000000
89.000000 0.369360 0.000746 0.002338 0.000104 0.000001 0.000003 0.000282 0.000002 0.000006 0.000000
90.000000 0.369433 0.000794 0.002162 0.000100 0.000001 0.000003 0.000272 0.000003 0.000007 0.000000
91.000000 0.369094 0.000495 0.001431 0.000099 0.000001 0.000003 0.000267 0.000002 0.000007 0.000000
92.000000 0.369041 0.000437 0.001185 0.000096 0.000001 0.000002 0.000261 0.000002 0.000004 0.000000
93.000000 0.368895 0.000348 0.000901 0.000095 0.000001 0.000002 0.000256 0.000002 0.000005 0.000000
94.000000 0.369218 0.000282 0.000716 0.000092 0.000001 0.000002 0.000249 0.000002 0.000006 0.000000
95.000000 0.369026 0.000152 0.000423 0.000091 0.000001 0.000002 0.000245 0.000002 0.000006 0.000000
96.000000 0.368815 0.000197 0.000536 0.000087 0.000000 0.000002 0.000237 0.000001 0.000006 0.000000
