0.000000 1.000000 0.000000 0.000000 1.000000 0.000000 0.000000 1.000000 0.000000 0.000000 1.000000
1.000000 0.656250 0.042496 0.136454 0.613177 0.042294 0.115400 0.940879 0.003765 0.062847 1.000000
2.000000 0.466936 0.044449 0.166643 0.409963 0.043579 0.126056 0.899839 0.005416 0.095352 1.000000
3.000000 0.353253 0.035568 0.166909 0.293441 0.034266 0.114883 0.869738 0.005408 0.110493 1.000000
4.000000 0.281309 0.026379 0.159456 0.222562 0.025066 0.101534 0.846299 0.004938 0.117117 1.000000
5.000000 0.233748 0.018436 0.151894 0.177255 0.017182 0.091612 0.827616 0.004034 0.119597 1.000000
6.000000 0.200994 0.013256 0.145568 0.147035 0.012121 0.085109 0.812742 0.003090 0.120075 1.000000
7.000000 0.177566 0.009028 0.140180 0.126098 0.008149 0.080731 0.800834 0.002559 0.119517 1.000000
8.000000 0.160231 0.006096 0.135437 0.111090 0.005430 0.077538 0.791214 0.001945 0.118402 0.333333
9.000000 0.147366 0.004090 0.131039 0.100293 0.003594 0.074863 0.783436 0.001320 0.117046 0.000000
10.000000 0.137391 0.002490 0.127322 0.092132 0.002164 0.072775 0.777008 0.000755 0.115535 0.000000
11.000000 0.129829 0.001482 0.124303 0.086057 0.001273 0.071132 0.771808 0.000368 0.114132 0.000000
12.000000 0.124068 0.000829 0.121830 0.081504 0.000704 0.069815 0.767528 0.000217 0.112778 0.000000
13.000000 0.119867 0.000379 0.120343 0.078168 0.000323 0.069073 0.764232 0.000350 0.111738 0.000000
14.000000 0.116856 0.000305 0.119734 0.075731 0.000268 0.068855 0.761615 0.000482 0.110850 0.000000
15.000000 0.114930 0.000363 0.119990 0.074093 0.000315 0.069135 0.759854 0.000433 0.110335 0.000000
16.000000 0.113962 0.000429 0.121042 0.073143 0.000370 0.069877 0.758649 0.000428 0.110017 0.000000
