0.000000 1.000000 0.000000 0.000000 1.000000 0.000000 0.000000 1.000000 0.000000 0.000000 1.000000
1.000000 0.756250 0.053422 0.143069 0.660488 0.048315 0.129913 0.875755 0.020147 0.053706 1.000000
2.000000 0.664516 0.021183 0.095919 0.521935 0.027026 0.096848 0.781690 0.018843 0.051070 1.000000
3.000000 0.566028 0.017334 0.083656 0.412800 0.020070 0.075922 0.726311 0.016365 0.043782 1.000000
4.000000 0.494830 0.014149 0.069502 0.342008 0.014188 0.057487 0.689175 0.012068 0.034052 1.000000
5.000000 0.443020 0.012938 0.057710 0.294650 0.011137 0.044130 0.663824 0.009104 0.025430 1.000000
6.000000 0.403882 0.012412 0.048034 0.261365 0.009280 0.034543 0.646320 0.006615 0.018592 1.000000
7.000000 0.373234 0.011415 0.039727 0.236844 0.007932 0.027324 0.634052 0.004700 0.013451 1.000000
8.000000 0.348685 0.010238 0.032285 0.218151 0.006772 0.021542 0.625309 0.003242 0.009702 1.000000
9.000000 0.329001 0.008636 0.025522 0.203719 0.005597 0.016695 0.619001 0.002375 0.006990 0.000000
10.000000 0.313448 0.006759 0.019441 0.192609 0.004277 0.012559 0.614364 0.001537 0.005013 0.000000
11.000000 0.301655 0.005073 0.014031 0.184304 0.003211 0.008993 0.610913 0.001115 0.003553 0.000000
12.000000 0.293239 0.003442 0.009330 0.178399 0.002172 0.005959 0.608346 0.000743 0.002409 0.000000
13.000000 0.287934 0.002068 0.005477 0.174599 0.001284 0.003470 0.606378 0.000485 0.001547 0.000000
14.000000 0.285272 0.001073 0.003086 0.172563 0.000634 0.001879 0.604907 0.000283 0.000862 0.000000
15.000000 0.284998 0.001206 0.003210 0.172080 0.000701 0.001886 0.603794 0.000163 0.000428 0.000000
16.000000 0.286529 0.001634 0.004458 0.172760 0.000986 0.002678 0.602942 0.000194 0.000586 0.000000
