0.000000 1.000000 0.000000 0.000000 1.000000 0.000000 0.000000 1.000000 0.000000 0.000000 1.000000
1.000000 0.774167 0.018010 0.062328 0.741099 0.017438 0.048071 0.959966 0.000940 0.054349 1.000000
2.000000 0.611709 0.022077 0.091246 0.562161 0.021325 0.061259 0.928511 0.001394 0.091005 1.000000
3.000000 0.494633 0.024944 0.106215 0.437127 0.023992 0.063396 0.903037 0.001689 0.116919 1.000000
4.000000 0.409275 0.023563 0.113362 0.348440 0.022651 0.061648 0.882050 0.001700 0.135268 1.000000
5.000000 0.345931 0.020826 0.115655 0.284378 0.019941 0.058447 0.864508 0.001727 0.148199 0.000000
6.000000 0.298118 0.019386 0.114936 0.237319 0.018547 0.054892 0.849661 0.001780 0.157305 0.000000
7.000000 0.261112 0.017439 0.112429 0.201900 0.016632 0.051416 0.836981 0.001988 0.163752 0.000000
8.000000 0.232184 0.014741 0.108944 0.174938 0.014004 0.048027 0.826141 0.002109 0.168356 0.000000
9.000000 0.209055 0.013472 0.104984 0.153945 0.012724 0.044995 0.816760 0.002113 0.171616 0.000000
10.000000 0.190154 0.011978 0.100919 0.137242 0.011280 0.042357 0.808698 0.002267 0.173920 0.000000
11.000000 0.174683 0.010606 0.096882 0.123892 0.009926 0.039992 0.801723 0.002267 0.175595 0.000000
12.000000 0.161646 0.009365 0.093038 0.112891 0.008726 0.037844 0.795704 0.002218 0.176763 0.000000
13.000000 0.150803 0.008595 0.089446 0.103910 0.007970 0.035993 0.790316 0.002163 0.177519 0.000000
14.000000 0.141432 0.007734 0.086281 0.096264 0.007149 0.034439 0.785619 0.002213 0.178003 0.000000
15.000000 0.133538 0.006920 0.083270 0.089951 0.006376 0.032987 0.781543 0.002146 0.178270 0.000000
16.000000 0.126706 0.006470 0.080642 0.084534 0.005940 0.031776 0.777778 0.002095 0.178316 0.000000
17.000000 0.120750 0.005885 0.078164 0.079894 0.005387 0.030659 0.774530 0.002058 0.178321 0.000000
18.000000 0.115597 0.005281 0.076092 0.075884 0.004820 0.029756 0.771485 0.001947 0.178132 0.000000
19.000000 0.111163 0.004788 0.074024 0.072511 0.004356 0.028838 0.768831 0.001785 0.177952 0.000000
20.000000 0.107222 0.004277 0.072352 0.069501 0.003879 0.028146 0.766389 0.001630 0.177690 0.000000
21.000000 0.103639 0.003554 0.070781 0.066788 0.003219 0.027488 0.764110 0.001499 0.177362 0.000000
22.000000 0.100542 0.003306 0.069446 0.064456 0.002985 0.026976 0.762139 0.001375 0.177067 0.000000
23.000000 0.097911 0.002987 0.068206 0.062497 0.002694 0.026464 0.760378 0.001272 0.176717 0.000000
24.000000 0.095482 0.002622 0.067187 0.060674 0.002358 0.026102 0.758681 0.001089 0.176360 0.000000
25.000000 0.093341 0.002315 0.066330 0.059066 0.002076 0.025812 0.757149 0.000960 0.175983 0.000000
26.000000 0.091459 0.001907 0.065431 0.057683 0.001709 0.025468 0.755773 0.000828 0.175625 0.000000
27.000000 0.089732 0.001689 0.064788 0.056390 0.001511 0.025280 0.754517 0.000733 0.175249 0.000000
28.000000 0.088303 0.001528 0.064272 0.055318 0.001364 0.025151 0.753384 0.000640 0.174869 0.000000
29.000000 0.086953 0.001323 0.063808 0.054306 0.001180 0.025037 0.752376 0.000574 0.174560 0.000000
30.000000 0.085777 0.001040 0.063462 0.053416 0.000925 0.024982 0.751472 0.000396 0.174271 0.000000
31.000000 0.084639 0.000872 0.063211 0.052547 0.000773 0.024987 0.750632 0.000340 0.173975 0.000000
32.000000 0.083804 0.000738 0.063059 0.051899 0.000653 0.025013 0.749902 0.000249 0.173717 0.000000
33.000000 0.082923 0.000589 0.062976 0.051213 0.000518 0.025096 0.749273 0.000160 0.173471 0.000000
34.000000 0.082190 0.000433 0.062990 0.050624 0.000381 0.025216 0.748663 0.000163 0.173228 0.000000
35.000000 0.081502 0.000302 0.063050 0.050063 0.000265 0.025364 0.748026 0.000103 0.172940 0.000000
36.000000 0.080931 0.000220 0.063197 0.049590 0.000192 0.025546 0.747687 0.000081 0.172821 0.000000
37.000000 0.080494 0.000102 0.063429 0.049200 0.000088 0.025763 0.747221 0.000074 0.172589 0.000000
38.000000 0.080087 0.000091 0.063710 0.048829 0.000079 0.026005 0.746880 0.000043 0.172445 0.000000
39.000000 0.079700 0.000059 0.064103 0.048455 0.000053 0.026314 0.746559 0.000096 0.172306 0.000000
40.000000 0.079335 0.000146 0.064549 0.048094 0.000130 0.026655 0.746304 0.000135 0.172186 0.000000
