0.000000 1.000000 0.000000 0.000000 1.000000 0.000000 0.000000 1.000000 0.000000 0.000000 1.000000
1.000000 0.832500 0.026740 0.076893 0.759613 0.026566 0.074857 0.913203 0.017618 0.044451 1.000000
2.000000 0.746298 0.031149 0.095761 0.624193 0.037629 0.106450 0.833050 0.020971 0.052456 1.000000
3.000000 0.655822 0.032950 0.099998 0.511154 0.037196 0.106753 0.774243 0.023142 0.060420 1.000000
4.000000 0.582071 0.033463 0.095777 0.426484 0.035442 0.097275 0.726706 0.024060 0.062311 1.000000
5.000000 0.521263 0.032332 0.088182 0.361790 0.030805 0.084795 0.688067 0.022131 0.060172 0.000000
6.000000 0.470702 0.029248 0.079691 0.311607 0.026831 0.072376 0.656494 0.021567 0.055630 0.000000
7.000000 0.428262 0.027464 0.071228 0.272123 0.023669 0.061218 0.630585 0.018713 0.049992 0.000000
8.000000 0.392512 0.023360 0.063525 0.240712 0.018931 0.051600 0.609219 0.015788 0.043901 0.000000
9.000000 0.362238 0.021359 0.056665 0.215509 0.016501 0.043630 0.591622 0.014015 0.037961 0.000000
10.000000 0.336340 0.019022 0.050584 0.194999 0.014045 0.037039 0.577107 0.012097 0.032508 0.000000
11.000000 0.313961 0.016866 0.045032 0.178038 0.011897 0.031452 0.564984 0.010007 0.027522 0.000000
12.000000 0.294739 0.015436 0.040201 0.164063 0.010368 0.026894 0.555030 0.008332 0.023217 0.000000
13.000000 0.278138 0.013557 0.035863 0.152398 0.008810 0.023092 0.546694 0.006980 0.019491 0.000000
14.000000 0.263732 0.011524 0.032016 0.142590 0.007249 0.019906 0.539749 0.005652 0.016383 0.000000
15.000000 0.251103 0.010173 0.028537 0.134259 0.006237 0.017192 0.534012 0.004767 0.013759 0.000000
16.000000 0.240113 0.009440 0.025513 0.127167 0.005650 0.014939 0.529135 0.004042 0.011507 0.000000
17.000000 0.230360 0.008269 0.022625 0.121041 0.004809 0.012937 0.525105 0.003317 0.009670 0.000000
18.000000 0.221872 0.007201 0.020105 0.115801 0.004128 0.011240 0.521702 0.002803 0.008136 0.000000
19.000000 0.214386 0.006098 0.017960 0.111250 0.003440 0.009842 0.518777 0.002294 0.006835 0.000000
20.000000 0.207817 0.005376 0.015921 0.107317 0.002984 0.008580 0.516309 0.001925 0.005784 0.000000
21.000000 0.201963 0.004765 0.014176 0.103861 0.002617 0.007537 0.514196 0.001697 0.004906 0.000000
22.000000 0.196940 0.004057 0.012530 0.100923 0.002210 0.006583 0.512422 0.001379 0.004157 0.000000
23.000000 0.192556 0.003739 0.011129 0.098388 0.002021 0.005794 0.510938 0.001224 0.003532 0.000000
24.000000 0.188710 0.003160 0.009746 0.096175 0.001687 0.005031 0.509636 0.001030 0.003029 0.000000
25.000000 0.185392 0.002716 0.008539 0.094283 0.001438 0.004379 0.508554 0.000844 0.002577 0.000000
26.000000 0.182492 0.002346 0.007451 0.092638 0.001245 0.003808 0.507623 0.000709 0.002202 0.000000
27.000000 0.180016 0.002068 0.006408 0.091233 0.001089 0.003270 0.506806 0.000641 0.001885 0.000000
28.000000 0.177897 0.001678 0.005498 0.090044 0.000883 0.002804 0.506155 0.000544 0.001626 0.000000
29.000000 0.176158 0.001369 0.004618 0.089062 0.000720 0.002345 0.505579 0.000468 0.001383 0.000000
30.000000 0.174688 0.001108 0.003855 0.088237 0.000587 0.001966 0.505112 0.000394 0.001193 0.000000
31.000000 0.173504 0.000936 0.003164 0.087563 0.000492 0.001619 0.504672 0.000336 0.000999 0.000000
32.000000 0.172586 0.000687 0.002444 0.087039 0.000370 0.001261 0.504320 0.000288 0.000868 0.000000
33.000000 0.171767 0.000538 0.001911 0.086573 0.000292 0.001000 0.504012 0.000243 0.000724 0.000000
34.000000 0.171318 0.000417 0.001448 0.086302 0.000228 0.000764 0.503754 0.000193 0.000590 0.000000
35.000000 0.170888 0.000393 0.001173 0.086047 0.000212 0.000629 0.503529 0.000169 0.000507 0.000000
36.000000 0.170680 0.000324 0.000932 0.085911 0.000175 0.000508 0.503344 0.000132 0.000399 0.000000
37.000000 0.170753 0.000358 0.000968 0.085922 0.000185 0.000511 0.503198 0.000089 0.000299 0.000000
38.000000 0.170745 0.000346 0.000974 0.085893 0.000178 0.000509 0.503050 0.000064 0.000230 0.000000
39.000000 0.170911 0.000332 0.000980 0.085957 0.000168 0.000500 0.502933 0.000039 0.000173 0.000000
40.000000 0.171201 0.000325 0.000989 0.086082 0.000162 0.000494 0.502814 0.000026 0.000095 0.000000
