0.000000 1.000000 0.000000 0.000000 1.000000 0.000000 0.000000 1.000000 0.000000 0.000000 1.000000
1.000000 0.848437 0.027091 0.074114 0.803836 0.021752 0.061748 0.949061 0.013693 0.034844 1.000000
2.000000 0.754587 0.029881 0.082568 0.676319 0.025561 0.072586 0.898592 0.021291 0.057165 1.000000
3.000000 0.670704 0.033521 0.093284 0.568767 0.028683 0.079489 0.851556 0.028052 0.072131 1.000000
4.000000 0.603720 0.034775 0.095308 0.484898 0.028020 0.078305 0.807462 0.031160 0.080573 0.000000
5.000000 0.549187 0.034746 0.092954 0.418517 0.026500 0.073196 0.766702 0.031978 0.084293 0.000000
6.000000 0.504161 0.033321 0.088796 0.365428 0.023523 0.066671 0.729586 0.032256 0.084706 0.000000
7.000000 0.466470 0.032952 0.083682 0.322523 0.021897 0.059755 0.696190 0.032984 0.083121 0.000000
8.000000 0.434409 0.031766 0.078650 0.287346 0.019830 0.053214 0.666209 0.031426 0.079945 0.000000
9.000000 0.406807 0.028615 0.074062 0.258261 0.017074 0.047401 0.639542 0.030149 0.075832 0.000000
10.000000 0.382761 0.026685 0.069586 0.233933 0.015593 0.042250 0.615716 0.027794 0.071256 0.000000
11.000000 0.361622 0.026702 0.065618 0.213492 0.014145 0.037849 0.594755 0.024936 0.066360 0.000000
12.000000 0.342933 0.023523 0.061879 0.196099 0.011933 0.034035 0.576008 0.023050 0.061608 0.000000
13.000000 0.326175 0.023090 0.058517 0.181214 0.011372 0.030861 0.559498 0.021241 0.056852 0.000000
14.000000 0.311123 0.020805 0.055502 0.168355 0.010333 0.028149 0.544802 0.018613 0.052430 0.000000
15.000000 0.297478 0.019860 0.052650 0.157136 0.009522 0.025833 0.531629 0.017824 0.048187 0.000000
16.000000 0.285048 0.019379 0.049973 0.147324 0.008685 0.023910 0.519916 0.016618 0.044239 0.000000
17.000000 0.273775 0.018485 0.047606 0.138736 0.008198 0.022226 0.509572 0.015188 0.040718 0.000000
18.000000 0.263344 0.017565 0.045360 0.131096 0.007573 0.020795 0.500351 0.013555 0.037379 0.000000
19.000000 0.253790 0.016339 0.043119 0.124276 0.007030 0.019459 0.491944 0.012192 0.034392 0.000000
20.000000 0.244810 0.015808 0.041177 0.118104 0.006476 0.018344 0.484448 0.011673 0.031599 0.000000
21.000000 0.236598 0.014976 0.039247 0.112601 0.006123 0.017339 0.477691 0.010666 0.029136 0.000000
22.000000 0.228932 0.013902 0.037455 0.107636 0.005722 0.016408 0.471729 0.009582 0.026819 0.000000
23.000000 0.221840 0.013267 0.035812 0.103118 0.005515 0.015588 0.466191 0.008759 0.024707 0.000000
24.000000 0.215185 0.012616 0.034157 0.098989 0.005113 0.014777 0.461215 0.008425 0.022846 0.000000
25.000000 0.208914 0.011911 0.032601 0.095204 0.004826 0.014020 0.456760 0.007593 0.021138 0.000000
26.000000 0.203147 0.011482 0.031195 0.091792 0.004688 0.013367 0.452765 0.006636 0.019547 0.000000
27.000000 0.197625 0.010955 0.029752 0.088580 0.004462 0.012704 0.449013 0.006424 0.018121 0.000000
28.000000 0.192494 0.010338 0.028442 0.085648 0.004183 0.012106 0.445619 0.006158 0.016781 0.000000
29.000000 0.187668 0.010383 0.027252 0.082948 0.004162 0.011563 0.442585 0.005580 0.015610 0.000000
30.000000 0.183019 0.009526 0.026048 0.080393 0.003825 0.011025 0.439769 0.005112 0.014506 0.000000
31.000000 0.178783 0.008938 0.024853 0.078066 0.003573 0.010503 0.437083 0.004851 0.013406 0.000000
32.000000 0.174662 0.008972 0.023743 0.075861 0.003620 0.010010 0.434696 0.004375 0.012490 0.000000
33.000000 0.170786 0.008304 0.022636 0.073805 0.003308 0.009524 0.432464 0.004044 0.011633 0.000000
34.000000 0.167181 0.007807 0.021703 0.071944 0.003113 0.009113 0.430606 0.003811 0.010907 0.000000
35.000000 0.163783 0.007645 0.020668 0.070170 0.003056 0.008655 0.428674 0.003655 0.010171 0.000000
36.000000 0.160458 0.006933 0.019771 0.068468 0.002783 0.008272 0.426899 0.003436 0.009439 0.000000
37.000000 0.157379 0.006742 0.018951 0.066915 0.002721 0.007911 0.425354 0.003196 0.008829 0.000000
38.000000 0.154393 0.006485 0.018003 0.065422 0.002617 0.007507 0.423878 0.002911 0.008253 0.000000
39.000000 0.151657 0.006478 0.017274 0.064048 0.002602 0.007191 0.422445 0.002739 0.007738 0.000000
40.000000 0.149059 0.006004 0.016475 0.062773 0.002408 0.006851 0.421232 0.002556 0.007214 0.000000
41.000000 0.146516 0.005800 0.015628 0.061530 0.002313 0.006490 0.420042 0.002467 0.006779 0.000000
42.000000 0.144118 0.005393 0.015049 0.060361 0.002159 0.006242 0.418905 0.002248 0.006396 0.000000
43.000000 0.141854 0.005289 0.014246 0.059271 0.002118 0.005899 0.417896 0.002095 0.005962 0.000000
44.000000 0.139715 0.004657 0.013651 0.058241 0.001858 0.005639 0.416913 0.001978 0.005634 0.000000
45.000000 0.137688 0.004771 0.012964 0.057278 0.001919 0.005349 0.416046 0.001871 0.005318 0.000000
46.000000 0.135809 0.004315 0.012318 0.056386 0.001720 0.005080 0.415221 0.001702 0.004926 0.000000
47.000000 0.133832 0.004245 0.011787 0.055460 0.001693 0.004853 0.414437 0.001626 0.004651 0.000000
48.000000 0.132122 0.004090 0.011192 0.054654 0.001636 0.004603 0.413696 0.001528 0.004373 0.000000
49.000000 0.130463 0.003990 0.010626 0.053887 0.001588 0.004371 0.413065 0.001517 0.004207 0.000000
50.000000 0.128894 0.003582 0.010058 0.053145 0.001428 0.004127 0.412334 0.001361 0.003896 0.000000
51.000000 0.127335 0.003511 0.009659 0.052428 0.001391 0.003963 0.411753 0.001324 0.003730 0.000000
52.000000 0.125912 0.003360 0.009080 0.051776 0.001338 0.003729 0.411216 0.001241 0.003514 0.000000
53.000000 0.124610 0.003051 0.008690 0.051178 0.001222 0.003561 0.410716 0.001144 0.003314 0.000000
54.000000 0.123363 0.002971 0.008195 0.050606 0.001177 0.003353 0.410230 0.001138 0.003139 0.000000
55.000000 0.122115 0.002812 0.007679 0.050032 0.001121 0.003139 0.409725 0.001045 0.002993 0.000000
56.000000 0.120972 0.002748 0.007258 0.049508 0.001087 0.002965 0.409263 0.000985 0.002823 0.000000
57.000000 0.119841 0.002470 0.006863 0.048997 0.000982 0.002803 0.408860 0.000964 0.002679 0.000000
58.000000 0.118820 0.002293 0.006488 0.048537 0.000908 0.002650 0.408495 0.000904 0.002572 0.000000
59.000000 0.117793 0.002208 0.006091 0.048077 0.000874 0.002485 0.408152 0.000791 0.002374 0.000000
60.000000 0.116894 0.002056 0.005702 0.047669 0.000812 0.002327 0.407800 0.000799 0.002316 0.000000
61.000000 0.115974 0.001900 0.005366 0.047258 0.000751 0.002191 0.407488 0.000774 0.002202 0.000000
62.000000 0.115085 0.001703 0.005025 0.046860 0.000671 0.002051 0.407177 0.000706 0.002093 0.000000
63.000000 0.114418 0.001656 0.004716 0.046553 0.000648 0.001917 0.406870 0.000678 0.001955 0.000000
64.000000 0.113645 0.001484 0.004259 0.046209 0.000586 0.001735 0.406609 0.000616 0.001867 0.000000
65.000000 0.113001 0.001487 0.004042 0.045922 0.000578 0.001646 0.406390 0.000593 0.001769 0.000000
66.000000 0.112274 0.001374 0.003784 0.045600 0.000539 0.001543 0.406154 0.000584 0.001728 0.000000
67.000000 0.111624 0.001239 0.003491 0.045308 0.000483 0.001414 0.405904 0.000568 0.001636 0.000000
68.000000 0.111053 0.001167 0.003260 0.045053 0.000457 0.001334 0.405689 0.000515 0.001538 0.000000
69.000000 0.110512 0.001000 0.002947 0.044809 0.000390 0.001204 0.405471 0.000494 0.001451 0.000000
70.000000 0.109988 0.000926 0.002701 0.044577 0.000361 0.001105 0.405291 0.000463 0.001379 0.000000
71.000000 0.109551 0.000885 0.002435 0.044381 0.000345 0.000998 0.405114 0.000438 0.001341 0.000000
72.000000 0.109059 0.000768 0.002227 0.044160 0.000295 0.000913 0.404923 0.000411 0.001272 0.000000
73.000000 0.108641 0.000717 0.002012 0.043977 0.000279 0.000827 0.404793 0.000393 0.001209 0.000000
74.000000 0.108245 0.000643 0.001854 0.043798 0.000247 0.000757 0.404624 0.000380 0.001141 0.000000
75.000000 0.107941 0.000544 0.001669 0.043659 0.000211 0.000693 0.404467 0.000362 0.001077 0.000000
76.000000 0.107563 0.000486 0.001426 0.043492 0.000187 0.000592 0.404334 0.000345 0.001035 0.000000
77.000000 0.107294 0.000419 0.001264 0.043369 0.000161 0.000528 0.404210 0.000325 0.000957 0.000000
78.000000 0.106946 0.000351 0.001146 0.043212 0.000134 0.000484 0.404050 0.000292 0.000892 0.000000
79.000000 0.106735 0.000321 0.001077 0.043119 0.000127 0.000460 0.403985 0.000260 0.000838 0.000000
80.000000 0.106527 0.000269 0.000892 0.043016 0.000103 0.000381 0.403805 0.000264 0.000779 0.000000
81.000000 0.106268 0.000261 0.000861 0.042905 0.000103 0.000372 0.403740 0.000249 0.000732 0.000000
82.000000 0.106079 0.000198 0.000674 0.042818 0.000075 0.000289 0.403649 0.000252 0.000717 0.000000
83.000000 0.105859 0.000190 0.000610 0.042713 0.000076 0.000269 0.403494 0.000211 0.000630 0.000000
84.000000 0.105800 0.000174 0.000545 0.042683 0.000072 0.000243 0.403431 0.000189 0.000576 0.000000
85.000000 0.105622 0.000164 0.000522 0.042604 0.000069 0.000237 0.403362 0.000181 0.000562 0.000000
86.000000 0.105526 0.000165 0.000479 0.042556 0.000069 0.000214 0.403276 0.000161 0.000496 0.000000
87.000000 0.105447 0.000152 0.000465 0.042517 0.000063 0.000203 0.403204 0.000153 0.000446 0.000000
88.000000 0.105382 0.000172 0.000504 0.042475 0.000076 0.000228 0.403052 0.000132 0.000408 0.000000
89.000000 0.105297 0.000139 0.000402 0.042440 0.000058 0.000177 0.403052 0.000092 0.000318 0.000000
90.000000 0.105241 0.000146 0.000421 0.042407 0.000063 0.000186 0.402946 0.000094 0.000285 0.000000
91.000000 0.105164 0.000149 0.000405 0.042369 0.000062 0.000174 0.402885 0.000083 0.000252 0.000000
92.000000 0.105211 0.000151 0.000376 0.042383 0.000062 0.000156 0.402838 0.000059 0.000186 0.000000
93.000000 0.105172 0.000152 0.000387 0.042355 0.000062 0.000160 0.402720 0.000047 0.000141 0.000000
94.000000 0.105155 0.000146 0.000384 0.042341 0.000061 0.000159 0.402652 0.000030 0.000090 0.000000
95.000000 0.105205 0.000125 0.000320 0.042357 0.000051 0.000132 0.402612 0.000026 0.000074 0.000000
96.000000 0.105219 0.000107 0.000276 0.042358 0.000044 0.000112 0.402570 0.000013 0.000037 0.000000
