0.000000 1.000000 0.000000 0.000000 1.000000 0.000000 0.000000 1.000000 0.000000 0.000000 1.000000
1.000000 0.837153 0.025971 0.068186 0.821509 0.026008 0.062604 0.982123 0.000278 0.025518 1.000000
2.000000 0.712114 0.038867 0.104434 0.684972 0.038913 0.094622 0.964770 0.000611 0.048474 1.000000
3.000000 0.614437 0.044392 0.121879 0.578868 0.044410 0.108736 0.947982 0.000964 0.069237 1.000000
4.000000 0.536927 0.046815 0.128491 0.495229 0.046778 0.112584 0.931894 0.001366 0.088056 0.000000
5.000000 0.474165 0.047846 0.128937 0.428087 0.047765 0.110528 0.916650 0.001828 0.105090 0.000000
6.000000 0.423186 0.046030 0.125929 0.374043 0.045889 0.105278 0.902368 0.002264 0.120461 0.000000
7.000000 0.381111 0.043293 0.121438 0.329903 0.043134 0.098665 0.889146 0.002600 0.134347 0.000000
8.000000 0.345712 0.038259 0.116254 0.293226 0.038059 0.091404 0.876959 0.002744 0.146749 0.000000
9.000000 0.315719 0.035315 0.111207 0.262528 0.035095 0.084358 0.865783 0.003034 0.157893 0.000000
10.000000 0.290239 0.033466 0.106217 0.236791 0.033206 0.077481 0.855597 0.003177 0.167742 0.000000
11.000000 0.268340 0.029111 0.101512 0.214986 0.028799 0.070953 0.846392 0.003185 0.176445 0.000000
12.000000 0.249302 0.026925 0.097387 0.196278 0.026602 0.065190 0.837968 0.003252 0.184163 0.000000
13.000000 0.232725 0.024756 0.093472 0.180250 0.024373 0.059763 0.830411 0.003115 0.190848 0.000000
14.000000 0.218001 0.023177 0.089979 0.166212 0.022795 0.054880 0.823490 0.003244 0.196719 0.000000
15.000000 0.205171 0.021395 0.086835 0.154171 0.020964 0.050664 0.817300 0.003172 0.201924 0.000000
16.000000 0.193611 0.019402 0.083923 0.143449 0.018968 0.046724 0.811506 0.003120 0.206465 0.000000
17.000000 0.183373 0.017537 0.081358 0.134100 0.017107 0.043339 0.806328 0.002997 0.210366 0.000000
18.000000 0.174148 0.016820 0.078852 0.125815 0.016366 0.040211 0.801593 0.003119 0.213729 0.000000
19.000000 0.165812 0.015239 0.076624 0.118394 0.014755 0.037405 0.797243 0.002847 0.216785 0.000000
20.000000 0.158292 0.013866 0.074379 0.111838 0.013410 0.034911 0.793216 0.002838 0.219368 0.000000
21.000000 0.151326 0.012779 0.072461 0.105803 0.012325 0.032665 0.789517 0.002802 0.221660 0.000000
22.000000 0.145245 0.012444 0.070539 0.100637 0.011962 0.030762 0.786173 0.002708 0.223662 0.000000
23.000000 0.139457 0.011673 0.068756 0.095744 0.011207 0.028761 0.783020 0.002678 0.225411 0.000000
24.000000 0.134149 0.010857 0.067148 0.091307 0.010375 0.027168 0.780137 0.002468 0.226958 0.000000
25.000000 0.129287 0.010208 0.065514 0.087318 0.009723 0.025675 0.777459 0.002325 0.228290 0.000000
26.000000 0.124893 0.009721 0.063959 0.083752 0.009251 0.024236 0.774994 0.002356 0.229367 0.000000
27.000000 0.120797 0.009278 0.062476 0.080456 0.008813 0.022952 0.772682 0.002338 0.230379 0.000000
28.000000 0.116999 0.008667 0.061012 0.077446 0.008216 0.021786 0.770459 0.002233 0.231194 0.000000
29.000000 0.113474 0.008147 0.059725 0.074663 0.007704 0.020737 0.768461 0.002136 0.231931 0.000000
30.000000 0.110109 0.007806 0.058403 0.072038 0.007367 0.019663 0.766588 0.002077 0.232599 0.000000
31.000000 0.107094 0.007353 0.057180 0.069692 0.006924 0.018730 0.764747 0.001961 0.233163 0.000000
32.000000 0.104272 0.006797 0.055953 0.067539 0.006393 0.017881 0.763010 0.001888 0.233639 0.000000
33.000000 0.101553 0.006646 0.054820 0.065464 0.006238 0.017016 0.761455 0.001827 0.234052 0.000000
34.000000 0.099102 0.006096 0.053685 0.063638 0.005718 0.016263 0.759987 0.001748 0.234337 0.000000
35.000000 0.096814 0.005852 0.052641 0.061920 0.005478 0.015524 0.758567 0.001669 0.234649 0.000000
36.000000 0.094537 0.005627 0.051618 0.060230 0.005264 0.014830 0.757216 0.001645 0.234886 0.000000
37.000000 0.092487 0.005141 0.050621 0.058726 0.004798 0.014157 0.755942 0.001529 0.235069 0.000000
38.000000 0.090499 0.004919 0.049690 0.057263 0.004588 0.013513 0.754717 0.001477 0.235185 0.000000
39.000000 0.088830 0.004825 0.048733 0.056072 0.004495 0.012968 0.753517 0.001421 0.235353 0.000000
40.000000 0.087042 0.004405 0.047938 0.054765 0.004098 0.012404 0.752492 0.001367 0.235442 0.000000
41.000000 0.085419 0.004153 0.047031 0.053619 0.003859 0.011847 0.751467 0.001276 0.235516 0.000000
42.000000 0.083940 0.004011 0.046233 0.052576 0.003725 0.011404 0.750491 0.001236 0.235574 0.000000
43.000000 0.082608 0.003943 0.045385 0.051650 0.003659 0.010861 0.749492 0.001225 0.235561 0.000000
44.000000 0.081402 0.003624 0.044612 0.050823 0.003361 0.010418 0.748610 0.001142 0.235615 0.000000
45.000000 0.079960 0.003533 0.043965 0.049791 0.003274 0.009992 0.747794 0.001131 0.235600 0.000000
46.000000 0.078828 0.003467 0.043315 0.049010 0.003207 0.009685 0.746968 0.001050 0.235550 0.000000
47.000000 0.077689 0.003037 0.042552 0.048251 0.002808 0.009225 0.746205 0.000972 0.235507 0.000000
48.000000 0.076634 0.003054 0.041994 0.047512 0.002822 0.008907 0.745440 0.000958 0.235474 0.000000
49.000000 0.075642 0.002788 0.041347 0.046850 0.002573 0.008495 0.744798 0.000867 0.235417 0.000000
50.000000 0.074728 0.002670 0.040764 0.046233 0.002463 0.008200 0.744067 0.000839 0.235392 0.000000
51.000000 0.073826 0.002477 0.040225 0.045623 0.002279 0.007870 0.743452 0.000723 0.235329 0.000000
52.000000 0.072953 0.002265 0.039649 0.045047 0.002087 0.007525 0.742874 0.000728 0.235273 0.000000
53.000000 0.072312 0.002130 0.039150 0.044630 0.001961 0.007202 0.742280 0.000694 0.235164 0.000000
54.000000 0.071495 0.002021 0.038701 0.044081 0.001859 0.007016 0.741750 0.000650 0.235096 0.000000
55.000000 0.070744 0.002003 0.038213 0.043586 0.001841 0.006772 0.741197 0.000632 0.235072 0.000000
56.000000 0.070080 0.001910 0.037744 0.043159 0.001755 0.006518 0.740691 0.000615 0.234976 0.000000
57.000000 0.069485 0.001694 0.037338 0.042771 0.001558 0.006297 0.740229 0.000602 0.234914 0.000000
58.000000 0.068892 0.001711 0.036936 0.042385 0.001571 0.006089 0.739742 0.000550 0.234822 0.000000
59.000000 0.068269 0.001521 0.036580 0.041971 0.001395 0.005915 0.739328 0.000461 0.234726 0.000000
60.000000 0.067742 0.001509 0.036201 0.041634 0.001383 0.005723 0.738892 0.000462 0.234660 0.000000
61.000000 0.067223 0.001370 0.035867 0.041298 0.001255 0.005542 0.738555 0.000445 0.234627 0.000000
62.000000 0.066738 0.001293 0.035503 0.040995 0.001184 0.005387 0.738141 0.000412 0.234524 0.000000
63.000000 0.066381 0.001182 0.035252 0.040765 0.001082 0.005260 0.737814 0.000373 0.234448 0.000000
64.000000 0.065922 0.001077 0.034885 0.040480 0.000985 0.005046 0.737438 0.000331 0.234397 0.000000
65.000000 0.065476 0.001034 0.034693 0.040180 0.000945 0.004983 0.737214 0.000308 0.234338 0.000000
66.000000 0.065136 0.000950 0.034417 0.039971 0.000869 0.004866 0.736873 0.000321 0.234228 0.000000
67.000000 0.064724 0.000883 0.034186 0.039695 0.000806 0.004741 0.736572 0.000271 0.234222 0.000000
68.000000 0.064412 0.000814 0.033916 0.039510 0.000743 0.004624 0.736257 0.000261 0.234091 0.000000
69.000000 0.064069 0.000763 0.033718 0.039284 0.000695 0.004539 0.736009 0.000205 0.234073 0.000000
70.000000 0.063812 0.000718 0.033479 0.039138 0.000655 0.004429 0.735808 0.000200 0.234001 0.000000
71.000000 0.063484 0.000664 0.033327 0.038913 0.000605 0.004388 0.735499 0.000171 0.233912 0.000000
72.000000 0.063216 0.000626 0.033133 0.038750 0.000570 0.004297 0.735372 0.000180 0.233943 0.000000
73.000000 0.062902 0.000567 0.033024 0.038529 0.000516 0.004279 0.735102 0.000154 0.233822 0.000000
74.000000 0.062640 0.000506 0.032875 0.038359 0.000461 0.004233 0.734924 0.000156 0.233818 0.000000
75.000000 0.062399 0.000508 0.032788 0.038191 0.000463 0.004220 0.734729 0.000173 0.233754 0.000000
76.000000 0.062191 0.000427 0.032619 0.038065 0.000390 0.004139 0.734559 0.000142 0.233723 0.000000
77.000000 0.061995 0.000411 0.032558 0.037924 0.000373 0.004138 0.734331 0.000109 0.233636 0.000000
78.000000 0.061770 0.000355 0.032411 0.037784 0.000323 0.004082 0.734208 0.000104 0.233626 0.000000
79.000000 0.061625 0.000351 0.032360 0.037683 0.000319 0.004088 0.734084 0.000088 0.233592 0.000000
80.000000 0.061383 0.000344 0.032340 0.037500 0.000311 0.004113 0.733931 0.000075 0.233597 0.000000
81.000000 0.061188 0.000271 0.032278 0.037364 0.000246 0.004108 0.733801 0.000089 0.233536 0.000000
82.000000 0.061042 0.000234 0.032192 0.037267 0.000212 0.004084 0.733624 0.000078 0.233499 0.000000
83.000000 0.060937 0.000245 0.032077 0.037210 0.000221 0.004037 0.733525 0.000077 0.233490 0.000000
84.000000 0.060785 0.000213 0.032118 0.037083 0.000194 0.004091 0.733381 0.000078 0.233435 0.000000
85.000000 0.060582 0.000185 0.032103 0.036933 0.000168 0.004122 0.733301 0.000065 0.233407 0.000000
86.000000 0.060405 0.000143 0.032117 0.036793 0.000129 0.004163 0.733178 0.000059 0.233375 0.000000
87.000000 0.060350 0.000146 0.032119 0.036747 0.000132 0.004175 0.733090 0.000068 0.233363 0.000000
88.000000 0.060206 0.000116 0.032123 0.036635 0.000105 0.004203 0.733014 0.000034 0.233383 0.000000
89.000000 0.060101 0.000134 0.032079 0.036565 0.000121 0.004207 0.732912 0.000031 0.233284 0.000000
90.000000 0.060020 0.000081 0.032126 0.036491 0.000072 0.004243 0.732865 0.000047 0.233326 0.000000
91.000000 0.059833 0.000085 0.032152 0.036345 0.000077 0.004300 0.732808 0.000054 0.233322 0.000000
92.000000 0.059803 0.000082 0.032173 0.036314 0.000073 0.004317 0.732726 0.000034 0.233297 0.000000
93.000000 0.059622 0.000038 0.032268 0.036154 0.000034 0.004408 0.732660 0.000050 0.233321 0.000000
94.000000 0.059538 0.000025 0.032317 0.036076 0.000022 0.004455 0.732556 0.000030 0.233277 0.000000
95.000000 0.059499 0.000054 0.032352 0.036037 0.000049 0.004484 0.732504 0.000049 0.233263 0.000000
96.000000 0.059354 0.000041 0.032428 0.035910 0.000035 0.004559 0.732478 0.000039 0.233279 0.000000
